320 35794 28615 320
320 17377 28615 320
320 30853 28615 320
320 9854 28615 320
320 9854 14349 320
320 9854 14349 320
320 9854 14349 320
320 9854 14349 320
320 9854 14349 320
320 9854 14349 320
320 9854 14349 320
320 9326 14349 320
320 9326 14349 320
320 9326 14349 320
320 9326 14349 320
320 9326 14349 320
320 2930 14349 320
518 1302 14349 320
13771 47240 14349 320
11449 25599 14349 320
47240 12170 43543 320
22702 12170 15395 320
22702 7488 20372 320
9513 7488 20372 320
9513 12613 20372 320
9513 12613 20372 320
9513 12613 20372 320
9513 12613 44535 320
9513 15929 44535 320
9513 15929 4223 320
41844 15929 4223 320
41844 15929 22430 320
41844 15929 4300 320
41844 16727 47240 320
41844 16727 47240 320
6748 16727 8640 320
6748 16727 678 320
6748 16727 678 320
6748 16727 34572 320
6748 16727 678 320
6748 16727 678 320
6748 16727 678 320
6748 16727 678 320
6748 16727 678 320
6748 16727 1650 320
6748 16727 1650 320
6748 16727 1650 320
6748 16727 1650 320
6748 16727 1650 320
2077 23245 27956 320
1848 23245 27956 320
1848 23245 27956 320
1848 23245 43434 320
1848 13738 43434 320
32964 15995 43434 320
2582 15995 43434 320
2582 15995 43434 320
2582 15995 43434 320
2582 15995 43434 320
2582 36181 3628 320
2582 36181 3628 320
2582 36181 3628 320
14123 36181 3628 320
14123 36181 3628 320
14123 36181 3628 320
14123 36181 3628 320
14123 36181 3628 320
14123 36181 3628 320
14123 36181 3628 320
14123 36181 3628 320
14123 36181 3628 320
14123 36181 3628 320
14123 36181 3628 320
14123 36181 3628 320
14123 36181 3628 320
14123 36181 3628 320
10731 36181 3628 320
10731 36181 3628 320
2713 10724 3628 320
2582 1708 3628 320
2582 1708 3628 320
2582 1708 1273 320
2582 1708 3628 320
2582 1708 3628 320
2582 1708 3628 320
2582 1708 3628 320
2582 1708 3628 320
2582 42922 12506 320
2582 42922 15395 320
2582 42922 39010 320
10566 42922 39010 320
10566 42922 39010 320
10566 42922 39010 320
15465 10164 1370 320
15465 10164 1370 320
15465 34595 1408 320
15465 1247 1408 320
22430 40763 1408 320
22430 2897 1408 320
22430 2897 1408 320
22430 7182 1408 320
30390 18456 1408 320
30390 18456 1408 320
30390 18456 1408 320
8640 14727 1408 320
8640 14727 1408 320
8640 14727 1408 320
8640 14727 1408 320
8640 14727 1408 320
8640 14727 1408 320
8640 14727 1408 320
8640 4129 1408 320
8640 1553 1408 320
16727 24206 15014 320
16727 24206 18615 320
16727 24206 17791 320
20902 21993 17791 320
20902 21993 17791 320
20902 21993 17791 320
17703 21993 17791 320
17703 47196 17791 320
17703 47196 17791 320
17703 47196 17791 320
17703 47196 17791 320
12457 47196 17791 320
12457 47196 17791 320
12457 47196 17791 320
12457 47196 17791 320
12457 47196 1215 320
12457 47196 1215 320
12457 47196 1215 320
15465 47196 35008 320
15465 47196 35008 320
15465 47196 35008 320
15465 47196 35008 320
15465 47196 35008 320
15465 47196 35008 320
15465 47196 35008 320
15465 47196 35008 320
15465 47196 35008 320
15465 47196 35008 320
15465 47196 35008 320
15465 47196 35008 320
15465 47196 35008 320
15465 47196 35008 320
15465 47196 35008 320
15465 47196 35008 320
15465 47196 35008 320
15465 47196 35008 320
15465 47196 2988 320
768 47196 2988 320
768 47196 2988 320
768 47196 2988 320
768 47196 2988 320
768 47196 2988 320
768 47196 264 320
768 47196 41844 320
768 47196 41844 320
768 47196 2432 320
768 47196 2432 320
768 47196 2432 320
768 47196 2432 320
768 47196 2432 320
768 47196 2432 320
768 47196 2432 320
768 47196 2432 320
768 47196 2432 320
768 47196 2432 320
768 47196 2432 320
768 47196 2432 320
2955 47196 2432 320
2955 47196 2432 320
2955 47196 2432 320
15465 47196 2432 320
768 47196 2432 320
8246 47196 2432 320
8246 47196 2432 320
8246 47196 2432 320
8246 47196 2432 320
8246 47196 2432 320
8246 47196 2432 320
8246 47196 2432 320
8246 47196 2432 320
8246 47196 2432 320
1510 47196 2432 320
7523 47196 15936 320
9513 47196 264 320
9513 47196 264 320
9513 47196 264 320
9513 47196 264 320
829 47196 264 320
829 47196 264 320
829 47196 264 320
829 47196 264 320
829 47196 264 320
829 47196 264 320
829 47196 264 320
28765 47196 264 320
16014 47196 264 320
44446 47196 264 320
8640 47196 264 320
8640 48963 41822 320
8640 48963 41822 320
8640 3628 41822 320
30390 3628 41822 320
14961 3628 41822 320
14961 3628 41822 320
14961 3628 41822 320
14961 3628 9168 320
14961 3628 9168 320
14961 3628 9168 320
14961 3628 9168 320
14961 3628 9168 320
923 22430 9168 320
2781 22430 1182 320
2781 22430 1182 320
2781 22430 1182 320
11806 22430 10943 320
11806 22430 1408 320
14964 22430 1408 320
3628 22430 1408 320
41844 22430 1408 320
41844 22430 1408 320
41844 22430 1408 320
9513 22430 1408 320
829 22430 1408 320
42965 8640 1408 320
1631 8640 1408 320
1631 32690 1408 320
15473 1848 1408 320
32302 1848 1408 320
32302 1848 1408 320
32302 32914 1408 320
8640 32914 1408 320
8640 32914 1408 320
44636 3146 1408 320
44636 3146 1408 320
44636 47083 1408 320
44636 47083 1408 320
44636 47083 1408 320
44636 761 1408 320
44636 761 1408 320
44636 761 1408 320
44636 929 1408 320
44636 13306 1408 320
44636 2647 1408 320
9487 1848 1408 320
9487 1848 1408 320
9487 1848 1408 320
9487 1848 1408 320
9487 1848 1408 320
9487 1848 1408 320
9487 1848 1408 320
9487 1848 1408 320
9487 1848 1408 320
9487 1848 1408 320
9487 1848 1408 320
9487 1848 1408 320
9487 1848 1408 320
9487 8640 1408 589
9487 8640 1408 589
22430 8640 1408 320
22430 8640 1408 320
22430 0 4719 320
22430 0 39010 320
8640 7095 39010 320
8640 7095 44493 320
8640 26523 44493 320
8640 26523 44493 320
10566 1414 41844 320
2582 34358 41844 320
2582 34358 41844 320
2582 34358 41844 320
2582 34358 41844 320
2582 34358 41844 320
2582 34358 41844 320
14189 34358 41844 320
36108 46513 41844 320
1805 13375 41844 320
22430 13375 41844 320
22430 9297 41844 320
22430 9297 41844 320
22430 9297 41844 320
22430 9297 41844 320
22430 9297 41844 320
22430 46508 41844 320
22430 9297 41844 320
22430 9297 41844 320
22430 9297 41844 320
22430 37904 41844 320
22430 37904 41844 320
22430 37904 41844 320
22430 37904 41844 320
22430 37904 41844 320
22430 37904 41844 320
22430 37904 41844 320
22430 37904 41844 320
22430 37904 41844 320
22430 37904 41844 320
22430 37904 41844 320
22430 37904 41844 320
22430 37904 41844 320
8640 37904 41844 320
5440 37904 41844 320
5440 37904 41844 320
43476 37904 41844 320
5440 37904 41844 320
5440 37904 41844 320
5440 37904 41844 320
5440 37904 41844 320
5440 37904 41844 320
5440 37904 41844 320
17272 37904 41844 320
17272 37904 41844 320
17272 37904 41844 320
17272 37904 41844 320
17272 37904 41844 320
17272 37904 41844 320
17272 37904 41844 320
17272 30390 41844 320
1631 30390 41844 320
1631 30390 41844 320
1631 8640 41844 320
1631 8640 41844 320
1631 8640 41844 320
1631 8640 41844 320
1631 8640 41844 320
1631 8640 41844 320
1631 8640 41844 320
1631 16014 41844 320
1631 16014 41844 320
1631 12613 41844 320
1631 12613 41844 320
1631 12613 41844 320
1631 12613 41844 320
1631 12613 41844 320
1631 24940 41844 320
1631 24940 41844 320
1631 24940 41844 320
1631 24940 41844 320
1631 24940 41844 320
1631 11952 41844 320
1631 12613 41844 320
1631 12613 41844 320
1631 12613 41844 320
1631 12613 41844 320
1631 12613 41844 320
1631 12613 41844 320
1631 12613 41844 320
1631 12613 41844 320
1631 12613 41844 320
1631 12613 41844 320
1631 12613 41844 320
1631 12613 41844 320
1631 12613 41844 320
1631 12613 41844 320
1631 12613 41844 320
1631 12613 41844 320
1631 12613 41844 320
1631 12613 41844 320
1631 12613 41844 320
1631 12613 41844 320
1631 12613 41844 320
1631 830 41844 320
1631 15465 41844 320
1631 15465 41844 320
1631 15465 41844 320
1631 22430 41844 320
1631 22430 41844 320
1631 22430 41844 320
1631 22430 41844 320
1631 22430 41844 320
20902 22430 41844 320
1594 22430 41844 320
1594 22430 41844 320
1594 10566 41844 320
1594 10566 41844 320
1594 10566 41844 320
1594 10566 41844 320
1594 10566 41844 320
1594 10566 41844 320
1594 10566 41844 320
1594 10566 41844 320
1594 10566 4223 320
1594 10566 41844 320
1594 10566 41844 320
1594 10566 41844 320
1594 10566 41844 320
1594 10566 41844 320
1594 10566 41844 320
1594 10566 41844 320
1594 10566 41844 320
1594 10566 41844 320
1594 10566 41844 320
1594 10566 41844 320
1594 10566 41844 320
1594 10566 41844 320
1594 10566 41844 320
1594 10566 41844 320
1594 10566 41844 320
1594 10566 41844 320
1594 10566 41844 320
1594 10566 41844 320
1594 10566 41844 320
1594 22430 41844 320
1594 22430 41844 320
1594 22430 41844 320
1594 8640 41844 320
1594 1499 41844 320
1594 17272 41844 320
1594 43516 41844 320
1594 22967 41844 320
1594 32690 41844 320
1594 6733 41844 320
1594 6733 41844 320
1594 32690 41844 320
1594 32690 41844 320
1594 10566 41844 320
1594 10566 41844 320
1594 10566 41844 320
1594 10566 41844 320
1594 10566 41844 320
1594 29024 41844 320
9520 2582 41844 320
9520 22430 41844 320
1594 22430 41844 320
1594 22430 41844 320
1594 2077 4223 320
12457 22430 12089 320
15465 22430 12089 320
48257 22430 12089 320
33782 22430 12089 320
34954 22430 12089 320
34954 22430 12089 320
34954 22430 12089 320
41319 22430 12089 320
34954 22430 12089 320
34954 22430 12089 320
33782 22430 12089 320
34954 22430 12089 320
8904 22430 12089 320
10883 22430 12089 320
1594 22430 12089 320
1594 10566 12089 320
1594 8640 12089 320
1594 8640 12089 320
1594 8640 12089 320
1594 1848 12089 320
1408 1848 12089 320
